$ANSIBLE_VAULT;1.1;AES256
38313330303763366463633234633031653136633133306165633132333863623963616338656238
6437336464376336363335393032323030613966356333660a323963333565653261353962653237
31666537643462383865353566626465316466613731653061353638386632666130306439623965
3561636164366461650a383539353731383438613831636662646533643033613433346632626538
65393663616136363338373561646237663162613235353265383631396436653663666137643634
65393561363436333435313864633534316566313330356331326230396437326234646534666266
64653433393463313938346164643830376166323963613130646332336463646361326532383239
36366233666661356534623166363731346439366531383331343265306630366535363733323732
31363339663030656366333233323666343531363938623034363538316633613339653865646464
34313430646230333835633533376233656636623731633436633436333739323863646437316437
32646434626334613435343431643734326433653333653034613963323731656132646236653262
37333230626661663164373666646361303363393233303335366562643764353565633337323231
30383638366539316532396339653763323335316234653361643135313630636561333932303138
64643739646534353334623034323137363737663431333737646263636531643065363431663030
383834316564633837303864373061376439
