$ANSIBLE_VAULT;1.1;AES256
61643565643163633632303739636133613564613137613437303165303333613233376332346239
3437323135376661663838333164336234376238323765340a343563313139343463323332393265
32643763383136383665333464343162346333333630353534366261656333386661326338383761
3464363332343161380a366332633634663334326338363265386165386534363962633039636237
31323832343165373833373535303238343731636336326633356637393030656430366130393163
34666330366366303834393731366533396262663030386263306233313838343164353963386334
38353436343832346335393038376338343861643863653936376236373935363465656561663863
39366137313439646666626131616233393733613230376266613562353863636239366464346565
35613235373633386664666230393030333165613832383731613536343164373434636363343938
37363830353733333836336662663664613366343836643232343362653837643634386366376237
64646637396663363737336165353130333330656466656261343463343235616537323865643161
61663333356562373066353034633563323933613138376434656437663933383565383637666162
39623534313964376166623833346565383762633834613634643532616437323631643037386634
62343334396139373964316464666564643830366135393330333131373065306637306335626134
36386561353761336634633836326131326232653561323462303733323237356662323736333532
36343566313166663961643532393061353661653230386337666438323038663137626130386561
64346665623261363338653234653363666361613737363836323166343335363931663965613565
31353836333133373962643537333835623261396131313135666439653738353962633462366635
64306632636466623061656637326535663331653238393066333633343363623037313464343861
34663265643635376339613830363338326638636337333337336335313566323132383062633362
36336566323662343662343636653163336561636237343565356264646435333835633037373764
31356462666631643961386166313139353463633033663238363566343434336364323239386531
34393338313231353633643631626132323835656638666435313134323463363065316439643663
38663536353639633662373261646531643138353964653837326430646565306631316139646234
6363
