$ANSIBLE_VAULT;1.1;AES256
39626465643932333134636139333235663036373637623766353562383036333038633636373035
3236373830663265343733623430306263626533613332620a383933316431303163333434613139
61383133633461623962633661316338633666646633636234326132616535323137353331636632
3238623063616138300a366265613465363934653737396534643461626263636163363861316138
65363336383362613366303964386431316666373337316439363637356465643236343534376135
38313039636664303430663437303836623538363538376362343639366463346333343963666139
39663731363564383535316266316663353865373139326532636166346335366664616533663262
35363262323366616430326465393433623966316131326364333734336431666530326363373165
30636630383666383463643736386633653031613038386533383135303338396664383937326631
38346338353666333466313934646561363063393334323335386663646562643361653135656133
61386533616438636431303837373533386233383532633932376337666636393939323338366562
35363262633535356130623536303562663332383539383161636435663237626132373532616161
64623131643862316665633632616238376336316132383731623138396265616331386333326565
63346430626533313062646136306138633539313462353464343436663862633330353061663532
34316632616139376138633031643731363263323066623930383564653264336434363766303835
66336266333732666539633436363462353537303634313730336230363334356164393933323635
64363464323161376665623666656330383962376162623361373230626339653834333735323034
31336630613133333039613362666362373233666362383664383832353164386264636130656435
61353364613636303533363466343464636434666364343031336330303162383430313130353838
62643637366362353433313639383133666364313163633630666431633965346461376461353438
61336637633437303561343732666638343931646465386364613939343966653861616439666537
65376239663538373838613635323737326535366534653530353761363431373033333063663031
33346466323837303561353135383132343566313531646365383138363366656634613762393438
65623835336463343861
