$ANSIBLE_VAULT;1.1;AES256
33643730343366643063663536353431303136616163656432373734363061316535666637356635
3362613363363535316135613334663339663731353132650a643833633530343764623730653038
62343538356361643962323234343534396532353566333838356433663661643861333961613734
3036653162326337310a333738313631626138343563616162363634656435633136356631356130
62303835666661303337356265376561366631656566636432393132373133326265663031383633
63396631623033306564366531393135336364356439356465353330383631363232666336623131
36643033323565303264656631383536633133363666663965626234663333666638316362376266
37616265393938353237643733656165366538386338643931663038356263623035373034333465
39356336333737363935386165393133363566363930666231353235346235366464626264636532
62313833386638323661303839343364333636373334343635636234316564326631646637326666
38313165323466656238336265666631623061353334393862653739356564383039363434303839
39396135343764386637376138346532376263323938383838373230323334396664336633376665
37366266363531313963363935656261393239376538396434616266303331386265356239613765
39356337623934333835613031373236643932336534346435633734653538383630303266616138
31353865623533653233393834303266396237626133613639633464333862393934333661366236
32323465656338323535326166346339653732636236623335646638323835663238666630323965
33346535363136623330303438376362313539356633383038343637336237616639633930366633
37326338366337623566343462373862663236623137353265363930303962666539623839336631
64666538326335653264643938626534363939656135333335353437393961303431316532363335
32323732323738346565306133626665343631373566313730356361323737613635383662336165
64353962366439646333656431643737363561373138623836336539343864373033393061343263
66633865383331313036646134376639306535363334326632396664333230353935343164313239
65363962643938653131663038396630356335303933343933623233353332643762623939306630
65396434373463383935646233323731646465623635646135626634636366663331363833356439
34616633306238643233366565353534303333643536393066623139336263613365366262356232
61333539393335356335636663303939613938333764386364396236666263633935653834373366
65646436383364646230393937366231306233336665656131373837653336613434363735643363
37656139633562633933326435636466373039353238626665393339626138383535366265353236
30626532373464646132363836313164366138343838663433333230316234313935323764343538
64623263383861373665393333303434316436313531343133366562313331646639326638666262
37643463303039356330333839646637623963646637313433313131303233663435616665613463
33353632623535646231386364626664653330366136646230383266356463626661373735383533
64353233366631323237656362373838333832313262636436326231306132373965393863316463
34386137323230633831303534333136323131366462353437306362363263343133616137393863
63616137386530376532383162323966303232353033633739633637303737653234336338626536
35306565326366356433333162333236353161643434666563616233313538396237356462363535
35643830366337636563646536386434323966363761626165333938363266623566323265663733
30663237363465356538663166373634353235666333303265393664623531356163313762616435
65643436313966376432353239613631653938396531623733306437643432343235656264323834
64613661616132313539343361363031313630303539626235303032373736386634303938353165
63326261383435376566333065396266356435383062356634396539346462656533663538303734
32396534316330316639316336326131313333363466313463653166303839636262303362343764
39343235323331306162643865306363616663346366653936303164653437383339313134303436
66383764383765396136366635393339323665346662633464343337313830363463386130656461
36613361383136626566646165353330303539613132353634366537366430666334626237303830
38326364636139376666666433376666363866666630633532306363343066353035643233353131
61653666646332313065386331303131343661323430393466303166656234353538383263613938
66396162343164616431663838346564306137323966323931333230336461313562326437623933
32636436626461643764323234373161313330336533636136653331626236383861343037303539
31633530646462366131663662613764356437323937303866396365643765303430623333376335
34626161663434333132366439346666393639636131626538333262383965376634303766613263
64343637363538376132323563623464363364313335383837306134343436353566613534376132
62316139303032616635643565303030623339636664363130653065313964626236663332323337
63663263666230616330356364636662366162633061336139393032623163383834343363313737
31323962616430323461313662623263613864396261336634663133346439326237396265646265
66356461623137633339333363623061633030306231373733386237326238636431393639313564
65323134633034633139663964336635363264613466396432363866633764313063666164643963
34633865633562663536643035643837386464323232323730303938626231363437663936353862
37376136353038386432356231626365646238393639396437333634373937626263666434303239
63376630326133623333653566326361333431356337313264313166386466303264363230633963
64613033656336323434346236303435346461323932626262343263303961366565336639653732
37326138666438353064643134383662303336386636643931343066373430376461633032663165
31366361323733633235643638346135633562623561343135306561663864666532626232326461
66313835653138613462666634656432646466393839623463383331623935663336393739666634
30323034383363643636343030623066386263306562636665356162383461653431303037373130
35323938653030663333353236323765323539363634626539313835656665326638386562383039
35366566313366646536333062356365323936396230303235663230343661353635326635643162
38633463306365393833316336353933623932306566363839656161323066343434323630656634
38326166303865383932313132383165623034303334326136306562363064646462646233346439
30626562643137306464346338623563643032666639613030346562653066656365626438633530
35613562366138313937623964636334353830383338633331363533316531613662626363316661
31666564383863366161646366633032656463333135343962636566663937653738336334643461
34363935363435613032326362656261383865626461393838663534326630633732366466393534
31343730393238666665376364373566313031323763363339386632393264656638343364393162
65343665646562373436383439336539353534653761333061393164366238323034633439663561
65376266386330626661623166613034623632636137346335313539653535323063393562613362
66333263366263363466616362343565396566623636353366373235666663623733666561313639
64643266663332326131353137336330663934356333386332633338393161363965323465316239
34333364393564383830656236623539623139643263326139343836643038373364323266393231
37396639373637323732353364643862383131383431393662363637363437313163333938336639
31343862316139363966396561613532643765366539636337663961373638663165303435623863
32343830616631623061323731316333633764623335323731343539383137306665386333373237
65633266396232643434336566303733336133626463323363393430333763306336303633383136
39323030666132353331303239633063316261336437326465653933366134366436333266623766
32313839653665333236623238323235633734636165356334626538393065323938663264393034
30353863663863356236636666386337383865303465363363313866313466623832393637343462
38333061303966306232336664376235376261633037643164303962656636313238343061393964
39663239343962623335303861656631396330316638323761643736393834656362316663383130
33373536646432306466363564633034383961666537336238333436393066653766633264346262
64313333333139363633383239316331303130636432393436373162353434373739353535666636
65663232333231373839323364666130363630663766633730633465316565663165336665636137
63636161323466326562386537326564316462643565336532663335333865396333343263653435
31373631396363313835386231323633393830373431353961313639356239353461656365343231
61306365636634383932306661386661343839323431626131393830306338396162623236626133
62333339303333366335323534666334653930636232313166393164666462376265323337363832
33326337376664346131353664623835666663313061333433313732623533656333333730613665
35316364336531376162646366303363396139366266303838613261313735623639366261373061
34363237376539626666396435336639366433376532336131316437393739383631363036646635
36303131396264303137366639623965373561653664376637346437666635383235323563623163
64396333323737396435303834376330316631323236383033663934663965343266373338326162
36666530323262343064656136333036386232383731663237393633666166356434633032346666
66346334353761353464363664613237663633306463356231613962396262636562316665313565
31626630616465653566383736383766396532663366323839666635666563663635316436326532
64373064656530356231346531353465383061633239343530353264653938376230353136623235
64346363656665633465343331363465353561306562383039646264653938373534386164653834
33323162396261393135303266346262393434623866343461646130616439613130343230316264
34363535653262396133623365666634623236653338313361643931396637633665633833313136
36666536643164306339376132626535356234333439323033373639623666613933333238333966
31376461643663643461323262396639343334303532303262373336376435383766383938633066
64663638666530376566323338373439353339616431653461323133616633363831646461653532
31393432316336363731386131356464353732343464366439393161653065386565326138653335
62633833623231386362383861323761303131643065323838366239616464616236366135353734
36343466616339653833636138316430383832613239366439323139656366663136393735393766
37663435653566653935333636393631396366323638343630363634393833333834363636666632
39363330633863396134356135303838666436623165373530383062616232383561363439663135
64666130663635663536383933613837656135656431333734613061386533316261383634326162
66316364666332643463613965386663383165666331393834313866623731303562366430646463
66373962343862666665303039326464343061353466666632363033383531323038333562636538
37323764363237346530333433316537386262383933383038636538316662363366633432396530
35663731386233633231633936323130383838633162356537636137396232653534623061663934
63393661343236396636636536356236373330346165613534653036393664393036306438366634
63626432653739626564343438393636666637313232656564393766316135393563663163313133
33346235346535663230623035383066623663653337343436396534306135303438373364663462
35356530376236306566613732633239376437383832303033373039636637633666303338613934
31333834363131323562356461656530313035353864343738646461383262316463313334643962
33613161306635313131366631336664323165333835346130326431396430396365626465303238
30396332376536303933343837393165643237636639326535306431383961376263386530613134
34633737626333333261663330316436663066356234333164366664366632333333643062356236
36323966636532663939353231643530356465343965343936323138643733383362373264373064
30626235636162636564303537656463626431303139393233326337666130313830343164376465
61303332306230646465633264616635626638323531663366623733336533626237613364363936
35333735643836343566323964363533333839336537383062623765333632323337353261643338
61316339316462323039636563333961373266653965363235323834323933343433353836646134
61373266383264646130343861633263663339353631636136333634323438646532613063663537
38613066343663656432646430316539386264363136366134396533303261316461666632653364
39653434613339636639396130666637613966353735306331366132356535616665616232623134
66663761663435616233313063393637323131333635326633646663333133613065376635336533
36653036346133633936353463643931633836656564653162336636623637633163393966663439
62633733353438646162643164636366663361303766646163376235323634393336333138666261
30646335356236636361316566303061333633613366363732396364353763353230316235383231
30393038633838366262326461306534656335323563353532323463376366356432383833636337
34393139636437343338653738303138303064323561396166653961396634373131316663353238
33396639626633623334623038616363373637623134363232316261316365616533373132316463
61383438393331643230363465613766336466386365343864356231636139323633306636646332
35333430393832343966393333323032353932366333613431386437613563303035346332623033
61313536363132663535363562346534343636636532663035633463646461336231646562356261
34646137346338353462393034333165303139306362656232346536393033396563363732643731
64363264666366663436316137356331626230666365656365393761326663343365373362333166
65343162623638353563653836643035636437393934663137386134636637636338356464663462
33626636346232316664653836623864613433653364366364303733353839626432373965373836
30313331646334346664313164333864376238643233313332343664643830626530663734336637
31363433613131653063623633626539316634653338313764396133323737386265306434643334
64376135333161373264356239623333646361636230393130353361306636343165333363373364
66626131373864636535653132336563396635623333636239393730303835396435613236613463
66366530323064646535333862636562386136663434393763373163353638363832656535343561
37313634343533363639303963366466653632656235306134306330653231376533353432646538
61346564633834376635333635303963663137336234626336623032316633316163366539313130
66666235326334303434383839353464636464366334663135393965306438626464626332306338
35633630373235363932363939613063393264373134646131346466306435633561636335633139
31386232323738663337383762333765666563663233646535363531383265373865613337326637
39306635663533313334336230303436656462653161303061366532303766373861396638356539
66366436663839316132663338613663666437343436333933613663383364626165613464386161
66313232303033323534366332366564323939373932323436316239626561626562663638623931
63636634333461613462646365356465323332346665643962623132336562323065376662643363
66333037396236633132303739376665333635666135323264306565336364356535343562303234
61303366336134386432373665383362636433336466663434636534613562373434313664623431
63393232356162306538376464363766376139353637373732393865643361643832346438633265
65366461663333646131643562353262323232383564643833313036363337376561343130326465
32643031366162383865636437313932363735313834356335643933366330386130663136646333
63363063616639656363383933363636383138363935613966386335343961313037326439623039
62363463323532333330393735356435363933383238313763653333363439313963393563393538
37323932343732326632633733323863386265333730393763663364326236363235653033633039
65343432636561613037613632336531656364656331326663613834613066313235
