$ANSIBLE_VAULT;1.1;AES256
39633566316562323132376130623064343634363936393139323338373961353830383766613039
6562323731633937326165343764666636643633616639620a333761343636373934306466623866
30633335623563353939396662316563633333383436323165323164386533383830653265336630
3862333665353036380a663630616265333834623666336337656339633030366265363765313965
64353130383662656639626536373664373462376639353433303866613734613731343162336438
66623262343132343230323436623039383836333137623662316536353239626333633239373264
65386439323665653536396238623233313761636336623234666133323532366533343263613233
33383463303534626466613565313762386566623765663437633566663361623539636362373136
38633239346135363761343964363462306432356232663464663865376335393333336634313330
61636465353033616630323334643731623733386530666234393430656162303066366530626239
34343636633130383732326362363437643036623736353339633637326664376130386366656339
35313966646230646236343832363865306233353734313531613039373730366337636638393433
61373838626330653636303737303535653761343734323331323331393730663231343932663838
38373031303835636334653465346361656666343635323034316333393737303462666534383634
64393939356633303730326636393065386461303830366533323936336639663835633134653331
64336434336265643538373436346366356531363163396434306639653939316437666139646430
61636230643633373636333135346430363830363936323066386539326230356133333761386566
36306637303833313138343734356461373936653563343532363637366336633235623134653363
38646466366139363839326266343163343833633461383138393530613931356230376532363565
31623938326635343563346132613430316235626563626336646463333465363061366661366435
64633532366432353834353630353631643063343136616634376636633863373565633433346334
30636338306364393532343264663136393766373866626634663139383561623231666464653065
31623136376130303233613637656161336365616165653838383233633864613234333666353564
30663637643132343866373563346164376333323235323530636332646531663639356635643033
64613834326362343838356335306162626261316232376663376664336138333639386336643039
39353662366465623037643436613939396562633735396465616666386630383235353535626535
34313438386133613130346361353336366361643930333536636638353764623862343138393431
31613562326232323330653431626636353137393937383462316161643539653832386234323632
39633034316432363635316461613762313432363764353537666437363530363961353265316262
39636435303462383166343064346661383364323338646564383339346337623833303139623230
35653332653838363565303231356537353435313437366536316335663562376438636533656261
61613063646431656433626530636132663037666632323030616539653165363335656534616164
63313236326630613838383936646466623337343766306461323439623530396564356466346238
39383562663436343132656561383135323539386436303131633735663735646332303263393032
36323836306163316531626136343666666236323738366238623034643262336666633762386263
64303734336333626365643966363033383462386138343736366334333439356333373361633163
39306134663237363865346564326635313861363934336462326333616361323363616639613835
64336162393930626362393033383533366633353135393563643839373765373565626138323766
34613036376164346431336163363936646330646135613834306232363266663339336638366439
62393739376538643430
