$ANSIBLE_VAULT;1.1;AES256
32356239316130333664623139386461613634353131633039653332303931373035333131626431
3931346637333431396437623734303166376437356233300a663663366164653833613434306363
63363934353663393130386636386231336536373035316635626661393834316233393963303032
6233343834306364320a353062303962373162383864623536643836393931356531633439346364
35623530363439393334333364366332366233393431633565643633343730326638616366623834
30356231386233343030333964626237623132373464656536373131343763643034623137623365
39666361646336353938383931346439663964353439383261346161626563313130366666336631
32643037646138316438383535383033326561313363366363623132653732623564633336306662
32623365353539343263323131663935366336653839383935356530386466646464303861353237
61663933353635386535623235393664653434616462393366376164373331326166326133316239
65303563366363346161636435613965366135653737333262623438653963393930396166323463
30613834396234363231343437346366643863616338356634393263363536646332343134323866
63383735613934373033613538643731646238646461623831326266613065373832613339353264
33616162393965363635303534303931363836313939323339643131666564336635323861353731
64316235363765316165313930376433653735643136393665633835666563656230636233386433
34663137313835613866653234313137383062613861336266373764363432343735643864633833
35343266323065613933343736653430636339613164623663653438343539646162383138373138
30313032623537646237323964636665626130306638386135313432663331396137643763623234
39393861373461633438333463363430333836393165393637636162336136633339393734666161
36613237616633646563643938336561623434643439383664383436663634333162653730616461
66663334323336616564353362363436653538383765633532393431666530363231663563373464
38666164386362386465313339396531656637306162383631313163323864396534376139653630
65653439336633623962633261386238656337316635373536303038393362616564663235616262
36643961623234623637383566663661643966626430643964376532653037346430383731626666
62643037633339386139396564333738366636626435646334633134366566386132383462656661
63626261333134613630326330363432333563636334353963656461346537376361393063383931
64313630376362616338353731393164663965653663383232313766333262663062643436393036
37383035626138336462393138346530666362656366303238396565313534663138383764623966
35326566323937633032333666346637373262663130653639613530656535613762383562373731
36353338373432633834336139393561303535306539366332353336306238386663626665363134
31623366363935303338663766613430306365323164326236393335343865343733386162336639
63306330663564353830343336656338613964363564333332336264353665326338336132386362
30373430633731356631393236346534313939613435666230633235366461663965326430653431
62393933643438623237373836393139313961313861336239343062623530396664363032626230
62653363353862333231323736343132303934633337643165313966663164376566633566343733
62653631643063663832383736363062623333313130326664376161643864363638653635333436
31656364636138343831623562646565346166343938396465313239663235383965623038393432
31306338353935306137653338633630323766313536653432303133386130623363366432623035
66666437663437623337386561306437626339396434653763663730643063333763663966633436
37646230633437353630383135346563386638633131616264616565373635666666656566613132
33666265333332613162393861373438643063326161396566643835316166373432653832616138
61346566663464386632616164316234346431343538653364666135323235356236366264353730
36366136336231636536663965386338363934623437343935316339393835613263613132393537
34306337613961663735663738623562343666343761363666336438643136616139383563623738
39616564313139623233613962323933363064326639373631373935383238316236393833323364
39626539396262303136353838613138356664303963643636376164316538646433643137656536
34646666313735386137353365366561393634356361326364323339623863323838613765303061
64376565383934306162663561623465626165653266313836653431366562653261376136366535
34373136373762343038373961616637313431623738666265623937666531373832353336343830
39303631363732376532313166376231636261653838386630383536343033666237326561626239
39633233356562643264333562316534666564356634323066613239373636323831373635363234
37633561626335383733333135363438656138613836306432613363343535633763353138626532
62373737323363383134343766623533386435306430346131363963653733663963643037663761
37633739343531373835326565313061646533333163626662386433306237653432623065306330
32313263613237623332376638623662386333636236626161616666363138663332356164303037
33376161386133623261396564663261616435343837346265653034326261336163646635366238
64346265633038626230646266343163306534353666353737343065613732393062653262303962
37396435326539653838643334323034656661323737633739613963303034633835323738666161
34356336353164393334353334343631383838303334333230656337323263623134326463623433
31633634373832396430636266623932336436313839366337376433663863323732363065333534
34656432643762343537363034646230663734303138663564313561373866376433376233386537
32383264373934393834633036353036373064326566323236373530626433616465316631656339
66366134623935396563636362326466393934326164616532346134363732643136613631313038
64643934313633313334396234306338303536633766346664343061356161316565303238643138
36343234656235636337613134336665636633396165613364633431623061303362393039363732
66666631633439393163656463356166633531656263396561653538633635386533313933643537
66653331336236313436616163323038393264386138343438626532303337386437653763393236
63656638653562656261323933343634666634616464666562663064613961666231663430663334
31663239653431653837623732336634613262383737316161663634643838646237316564643039
63343736373063306164656666376365336136643031636365393465353366363439633433613234
65633266313633343631353330353932346261656331343036303533613835343539613633633630
62653236643236633963323335346463613033373030323738346134363239663434613939326131
61326564343338653530636463313831393933303834666535636331346631306262333663663433
66313662313838663333623664386532633938363033383966313733356666623439383137626136
38376564333736666166656239656635326534653764333165616531393562343632373161366161
30643036306465623134363435653863633533633335313034643236326333333265326633313537
31306131663838383465623763633937633931353038366438623634643162366533643665306530
66633835666630636332333830643364663738353835393564336231323235336662386132626338
66626539313431656237373364323930396238373138393537613538386134666563626439313733
30636461333136366262323662323364643762326531663139373538323762363434626463303361
63376330393436346231646531313562613864663862663863323965653336623064386236653564
30356533336364643532393230376536393435373366623437396639636364363935323037303465
65643437313036316237393038383961646436303963353862626365366534376562363436356635
36346633643465623637313566346233393463656163623934366138306333303837386635333863
62623736366664396136383931666263643565396630383639353430643434633864623239656139
38626134383133396132356161303434336132333432643762336631633533303262663431633734
61646231313561353633343339323833613638623935613137616463306530623135363837386537
62356562643066626166336138613162376632616262353365663439333430396232313766356365
62626439633535396565336561393432363164313437333766616637353333353162643135343436
64616564613830363135633431653432343866626463373663313633313366333931303137623761
61393262323536353362633330626436346633393864383735346637623865306435656139396337
61333734323934373362326438316162303262646463386261363335316265646162326330653937
31393864393930666565616430393239363832633365353465353130663566353638626262366336
65616432653463326239396134616564336439313631353232343565343033363733616235646161
61393662623863363836303435656634343039383565373834666335356334333032306164616430
65326666353062303632663532353539663166303862343339393535383534633135363038356462
63393933373731323963373132656665316436393931303262386336363333653830616362363831
35336665386332613964383338653166656333323132643137363334396330383565336638366461
64356430643561633961616266326233303266666632353234383732636365363834373035656361
62393262393832396136643935636337386338346433373336336236343431666563323766653164
63653265373336306237363936386665393531366264316630373930653639363439636530386234
37393165616132613136383737313666663834393461353932366530616562666437633038386132
38373534643730646566653562356464333335316161623764653032353934643037383165356639
36393832313837623332376462343761616138653562313939383033313163646539353235343036
31343539663236643565663236336437666535663238333534623561633362323638393431653935
65633561383838656165356433346435616236356537376566373034393735353730376161333334
33646430366562313466383234613838616666383737613365623639363438303766633666356266
34336464653236326465393466633162333339633635613231383630316363316434626131356333
37653364663766333366333836333738353266353632623264323661343330663435393031353639
62353865333032653230353037346662356238613632616661623431636563343730316162656339
61303235313332646361633032353131636265313661613832656365366338383062646561653461
63623365383166623562346561303164353239346465636338396332316230623438663266663438
62663937313536366663643164643336323161653366633264646631343363323335643032353031
34613362636633313435343363343264626666633362656434656234343036393363636564343430
66353737373632363539653638613966306138623464363762383263376232363330643164636130
65373830373637653532616536336564353131396136303536373664616632326533343564356436
63383466326561653630613266393137373830373331316530633030666264613930313131613239
31333634623661383465616139346239373932636530336534343038346235383633616534636663
33626636643933353862643734393332343665643566303130336165303665386232616133363731
39306362356336373037386163313437653535613239346537633930306131346332666630353537
33346261653965613334626166633737303936333939393737336163326265363463616232663235
37613862363864336235323961366236336465633639333963373737323433663065333164326530
30383538323631333532346639616362656163376662343230643161356231363331626263336430
64376531306464396330336335653439393333383733623361623461613633623231373764623933
62386238623261633762353331333266366530363637356330383132653631313661333132306164
65393661336135333866386435383265646433666638316430393661323335636236346638353864
39343561366365633561633435643534313566656163313337376338643465613636333238376638
30373737323530366637663866613035646562306336343033316435343530316436623165646632
65623931656133643464616130623737663030643237633639666530393433373639616366373864
37623265383962336236323462396433653736343466646539623661376363326235623861396266
31336136623361373136643561376566373237366439336533633163663065386239616533316439
30363038383463323831313334666634633163313339633366653432356263346162366137653235
36386666323261323839363736656561313435323632316133386661353465353633386562616135
30663334353532373237626135356632613962363835363264343431666133363164336130323234
66633061663062616233313731653165626364333062326465663834373464346535663761656465
64303233396334646530626333633466623633396438316665646434653136323333306136623061
63663162363136343330396538303531663637356666323566666331623161336332353361633636
61626166393837356139383938656633323065356330313565343332646332646139306431663765
66366232373731643435653461366137633138353161386533656538646464326534383137326133
62303361643834653032626165386166343061623436323733383435663438383761633734643931
61613130393063643837326330333438346662666662663237656631303238666231373432393031
39383830396337323066326430383739386361393432383138653563366637393738383334636365
33356362366431366261613030366131393133663262666234323562626533653166316638356231
66613761396134396531666165376237623635656538653136376165663364383831353832623762
62363066306533616631353264343137383462656532643839323039393832326331636465366366
34623961356239373038343530323536656133623261363436363364663432323637613738373530
64653666356633646634663064623334326538653930663862316632326331656132663931343864
63383733386164313636653361613165376439653935616230333037323961393738636232316238
36356161313262396465663635633735363535663864643064633662363537646338383635323630
64656561653034313333623961353164333832613064623939323033663564366132636433633166
39616165356363623262633832303765656666646466643361326335333138663963666464313166
35353965373664653036373563396530376134313662343863363531373564613434653331376638
33643763653363373766363032353332653661396363316530626263363531356534653236386665
31396531633432663530343233323564383166643137633836363032313435666535356361333465
63346165363837666439313963623664363437306436633232636264393963393738386336663066
38386439346335303736646632373264383730313761356262316366336261303837383533386432
64653033373035363234333931363034333335333366613465356334393033623837383938353635
38653834383937653631396233373034653238346365643464653236323736383435326230633261
31313964623532663234663961383565663436386432386463393030613962363533306266613030
37303138333561336364353033623336393235343731356133336261336362316231633638323562
32353765353433636461383434633235326532363461363735616563313430383534383066303961
30323965646463376638386534616139326263373461396439383433306530393762323134643662
62653764383366373832626633343538663933323266326531636166386136356131643862616435
32343231366662303839326262336233353033303533353438623965313130616534336235643237
34646338336235336632323439386231353061376662313435623662623531626334386532646366
30373264343163376335343438643963383965653131366463613331656638346665633434316332
39366533363631663866383033663932666232353364363962363138646133643661633239323130
65326136633431656662336330613361666639376666306332316462383661626662643532666531
31643838616134373334643736663937383834376663323232626263353438386664363764623762
31353561636233373162396530323461623834626231666331663632366636363663643064306266
35383366366335313465663264616136636234373233373439376662373661613064623737333065
38396537343863643439616162636266303434653535363338616664646463626262373734333937
38373937613131343038326565633561363665313531633730623862636233363630373035306534
31303836376630313239396134333763376635316365336437373035613166323938323338306130
66333434343766313239616237653030393834363537636336396563313735636132646538333436
39656634323765303934613538316233323666633564393432623664633563313735613531653338
32326436383434653062336434376663353931343161393930373137316163383137616335336262
32646166633936626435306339343036343332323265323036643430616431313161303863323837
35333238373365353663616263643636646432373735646530346331393536646264366262653564
39316334373335346538663062313837343464633365373234363330656636663332356231383732
30326538376163363665663763386639393133383539633032316439313032613462393031316664
34653865336364623164646335393434613333323334373163373565316662656564303363613039
35373466323163353966613664316265363533353362336165643964373538316639623763303063
39653161393438343065616164396239383330336663303037366635356266623631393830303066
33363765383235386437326666336532366363353737386462633139656261356435363464613631
6538613430636362663362353161346465376130633332313037
